Max Z = 5.0*x1 + 6.0*x2 + 7.0*x3Contrainte n°1 : 3.0*x1 + 2.0*x2 + 4.0*x3 <= 24.0
Contrainte n°2 : 4.0*x1 + 1.0*x2 + 2.0*x3 <= 24.0
Contrainte n°3 : 1.0*x1 + 1.0*x2 + 5.0*x3 <= 15.0
x1 >= 0 ; x2 >= 0 ; x3 >= 0
Etat initial : 

Matrice : 
  3,00   2,00   4,00   1,00   0,00   0,00  24,00 
  4,00   1,00   2,00   0,00   1,00   0,00  24,00 
  1,00   1,00   5,00   0,00   0,00   1,00  15,00 
  5,00   6,00   7,00   0,00   0,00   0,00   0,00 

Solution de base : 
(0,0,0, 24.0 , 24.0 , 15.0 ) Z = 0.0
-----------------------------------------------------------------------------------
Etape n°1 : 

Ligne du pivot : 2
Colonne du pivot : 2

Matrice après avoir rendu le pivot unitaire : 
  3,00   2,00   4,00   1,00   0,00   0,00  24,00 
  4,00   1,00   2,00   0,00   1,00   0,00  24,00 
  0,20   0,20   1,00   0,00   0,00   0,20   3,00 
  5,00   6,00   7,00   0,00   0,00   0,00   0,00 

Matrice après avoir fait rentrer le pivot dans la base : 
  2,20   1,20   0,00   1,00   0,00  -0,80  12,00 
  3,60   0,60   0,00   0,00   1,00  -0,40  18,00 
  0,20   0,20   1,00   0,00   0,00   0,20   3,00 
  3,60   4,60   0,00   0,00   0,00  -1,40 -21,00 

Solution de base : 
(0,0, 3.0 , 12.0 , 18.0 ,0) Z = 21.0
-----------------------------------------------------------------------------------
Etape n°2 : 

Ligne du pivot : 0
Colonne du pivot : 1

Matrice après avoir rendu le pivot unitaire : 
  1,83   1,00   0,00   0,83   0,00  -0,67  10,00 
  3,60   0,60   0,00   0,00   1,00  -0,40  18,00 
  0,20   0,20   1,00   0,00   0,00   0,20   3,00 
  3,60   4,60   0,00   0,00   0,00  -1,40 -21,00 

Matrice après avoir fait rentrer le pivot dans la base : 
  1,83   1,00   0,00   0,83   0,00  -0,67  10,00 
  2,50   0,00   0,00  -0,50   1,00   0,00  12,00 
 -0,17   0,00   1,00  -0,17   0,00   0,33   1,00 
 -4,83   0,00   0,00  -3,83   0,00   1,67 -67,00 

Solution de base : 
(0, 10.0 , 1.0 ,0, 12.0 ,0) Z = 67.0
-----------------------------------------------------------------------------------
Etape n°3 : 

Ligne du pivot : 2
Colonne du pivot : 5

Matrice après avoir rendu le pivot unitaire : 
  1,83   1,00   0,00   0,83   0,00  -0,67  10,00 
  2,50   0,00   0,00  -0,50   1,00   0,00  12,00 
 -0,50   0,00   3,00  -0,50   0,00   1,00   3,00 
 -4,83   0,00   0,00  -3,83   0,00   1,67 -67,00 

Matrice après avoir fait rentrer le pivot dans la base : 
  1,50   1,00   2,00   0,50   0,00   0,00  12,00 
  2,50   0,00   0,00  -0,50   1,00   0,00  12,00 
 -0,50   0,00   3,00  -0,50   0,00   1,00   3,00 
 -4,00   0,00  -5,00  -3,00   0,00   0,00 -72,00 

Solution de base : 
(0, 12.0 ,0,0, 12.0 , 2.9999999999999996 ) Z = 72.0
-----------------------------------------------------------------------------------
x1* = 0
x2* = 12.0
x3* = 0
Z* = 72.0
