Max Z = 5.0*x1 + 6.0*x2 + 7.0*x3Contrainte n°1 : 3.0*x1 + 2.0*x2 + 4.0*x3 <= 18.0
Contrainte n°2 : 4.0*x1 + 1.0*x2 + 2.0*x3 <= 24.0
Contrainte n°3 : 1.0*x1 + 1.0*x2 + 3.0*x3 <= 12.0
x1 >= 0 ; x2 >= 0 ; x3 >= 0
Etat initial : 

Matrice : 
  3,00   2,00   4,00   1,00   0,00   0,00  18,00 
  4,00   1,00   2,00   0,00   1,00   0,00  24,00 
  1,00   1,00   3,00   0,00   0,00   1,00  12,00 
  5,00   6,00   7,00   0,00   0,00   0,00   0,00 

Solution de base : 
(0,0,0, 18.0 , 24.0 , 12.0 ) Z = 0.0
-----------------------------------------------------------------------------------
Etape n°1 : 

Ligne du pivot : 2
Colonne du pivot : 2

Matrice après avoir rendu le pivot unitaire : 
  3,00   2,00   4,00   1,00   0,00   0,00  18,00 
  4,00   1,00   2,00   0,00   1,00   0,00  24,00 
  0,33   0,33   1,00   0,00   0,00   0,33   4,00 
  5,00   6,00   7,00   0,00   0,00   0,00   0,00 

Matrice après avoir fait rentrer le pivot dans la base : 
  1,67   0,67   0,00   1,00   0,00  -1,33   2,00 
  3,33   0,33   0,00   0,00   1,00  -0,67  16,00 
  0,33   0,33   1,00   0,00   0,00   0,33   4,00 
  2,67   3,67   0,00   0,00   0,00  -2,33 -28,00 

Solution de base : 
(0,0, 4.0 , 2.0 , 16.0 ,0) Z = 28.0
-----------------------------------------------------------------------------------
Etape n°2 : 

Ligne du pivot : 0
Colonne du pivot : 1

Matrice après avoir rendu le pivot unitaire : 
  2,50   1,00   0,00   1,50   0,00  -2,00   3,00 
  3,33   0,33   0,00   0,00   1,00  -0,67  16,00 
  0,33   0,33   1,00   0,00   0,00   0,33   4,00 
  2,67   3,67   0,00   0,00   0,00  -2,33 -28,00 

Matrice après avoir fait rentrer le pivot dans la base : 
  2,50   1,00   0,00   1,50   0,00  -2,00   3,00 
  2,50   0,00   0,00  -0,50   1,00   0,00  15,00 
 -0,50   0,00   1,00  -0,50   0,00   1,00   3,00 
 -6,50   0,00   0,00  -5,50   0,00   5,00 -39,00 

Solution de base : 
(0, 2.9999999999999996 , 3.0 ,0, 15.0 ,0) Z = 39.0
-----------------------------------------------------------------------------------
Etape n°3 : 

Ligne du pivot : 2
Colonne du pivot : 5

Matrice après avoir rendu le pivot unitaire : 
  2,50   1,00   0,00   1,50   0,00  -2,00   3,00 
  2,50   0,00   0,00  -0,50   1,00   0,00  15,00 
 -0,50   0,00   1,00  -0,50   0,00   1,00   3,00 
 -6,50   0,00   0,00  -5,50   0,00   5,00 -39,00 

Matrice après avoir fait rentrer le pivot dans la base : 
  1,50   1,00   2,00   0,50   0,00   0,00   9,00 
  2,50   0,00   0,00  -0,50   1,00   0,00  15,00 
 -0,50   0,00   1,00  -0,50   0,00   1,00   3,00 
 -4,00   0,00  -5,00  -3,00   0,00   0,00 -54,00 

Solution de base : 
(0, 9.0 ,0,0, 15.0 , 3.000000000000001 ) Z = 54.0
-----------------------------------------------------------------------------------
x1* = 0
x2* = 9.0
x3* = 0
Z* = 54.0
